0 8 8 8 8 8 8 8 8 8 8 8 8 8 8 8 8 8 8 8 8 8 8 8 8 
8 0 1 14 8 12 1 9 4 11 4 17 3 12 1 8 1 8 10 17 8 3 7 10 7 
8 1 0 7 1 1 1 9 4 3 4 17 3 13 1 5 1 6 10 18 8 11 7 13 1 
8 14 7 0 9 13 1 9 4 15 4 14 3 12 1 8 12 10 10 15 5 11 7 7 15 
8 8 1 9 0 2 1 11 4 12 4 14 3 16 1 2 1 6 10 11 8 10 7 10 8 
8 12 1 13 2 0 1 15 4 5 4 16 3 12 1 6 1 2 10 16 8 4 7 8 9 
8 1 1 1 1 1 0 18 1 1 4 16 3 10 1 1 1 4 10 15 1 1 7 5 1 
8 9 9 9 11 15 18 0 13 11 15 12 8 9 1 11 16 7 10 17 12 13 11 8 15 
8 4 4 4 4 4 1 13 0 4 4 13 3 15 1 4 4 3 10 15 4 9 7 10 4 
8 11 3 15 12 5 1 11 4 0 4 12 3 11 1 1 1 3 10 17 8 3 7 13 9 
8 4 4 4 4 4 4 15 4 4 0 7 3 18 1 4 4 5 10 15 4 4 7 4 4 
8 17 17 14 14 16 16 12 13 12 7 0 3 17 1 9 15 6 10 14 9 16 7 10 15 
8 3 3 3 3 3 3 8 3 3 3 3 0 17 1 3 3 5 10 10 3 3 3 7 3 
8 12 13 12 16 12 10 9 15 11 18 17 17 0 1 12 16 7 10 12 16 10 12 5 16 
8 1 1 1 1 1 1 1 1 1 1 1 1 1 0 1 1 10 10 11 1 1 1 13 1 
8 8 5 8 2 6 1 11 4 1 4 9 3 12 1 0 1 2 10 13 8 8 7 4 8 
8 1 1 12 1 1 1 16 4 1 4 15 3 16 1 1 0 10 10 16 8 8 7 6 1 
8 8 6 10 6 2 4 7 3 3 5 6 5 7 10 2 10 0 9 4 10 2 5 1 8 
8 10 10 10 10 10 10 10 10 10 10 10 10 10 10 10 10 9 0 8 10 10 10 6 10 
8 17 18 15 11 16 15 17 15 17 15 14 10 12 11 13 16 4 8 0 9 15 16 3 18 
8 8 8 5 8 8 1 12 4 8 4 9 3 16 1 8 8 10 10 9 0 9 7 8 8 
8 3 11 11 10 4 1 13 9 3 4 16 3 10 1 8 8 2 10 15 9 0 7 11 2 
8 7 7 7 7 7 7 11 7 7 7 7 3 12 1 7 7 5 10 16 7 7 0 9 7 
8 10 13 7 10 8 5 8 10 13 4 10 7 5 13 4 6 1 6 3 8 11 9 0 13 
8 7 1 15 8 9 1 15 4 9 4 15 3 16 1 8 1 8 10 18 8 2 7 13 0 
