0 10 10 10 10 10 10 10 10 10 10 10 10 10 10 10 10 10 10 10 10 10 10 10 10 10 10 10 10 10 10 10 
10 0 14 8 6 12 15 9 12 8 8 4 7 12 4 10 9 8 12 9 3 4 6 19 8 9 11 16 9 9 2 14 
10 14 0 5 6 16 8 8 4 2 8 10 4 16 4 3 9 11 9 8 3 11 6 19 8 4 10 13 9 9 2 11 
10 8 5 0 6 7 11 3 4 8 9 3 11 4 8 12 5 3 3 14 8 6 6 19 8 9 12 7 5 7 12 2 
10 6 6 6 0 6 6 6 6 6 6 6 6 6 6 6 6 6 6 15 6 6 6 9 6 6 6 6 6 6 6 6 
10 12 16 7 6 0 11 11 13 17 17 13 9 11 8 12 11 17 11 12 11 11 6 16 8 17 11 15 11 14 14 12 
10 15 8 11 6 11 0 8 8 8 8 8 4 11 4 11 9 15 8 16 3 10 6 17 8 8 10 12 8 8 2 13 
10 9 8 3 6 11 8 0 4 6 8 7 4 19 4 8 9 16 11 13 3 10 6 16 8 2 10 7 13 8 2 12 
10 12 4 4 6 13 8 4 0 4 8 5 4 17 4 10 9 13 4 9 3 10 6 16 8 1 10 12 4 4 2 7 
10 8 2 8 6 17 8 6 4 0 8 8 4 15 4 3 9 7 4 11 3 13 6 15 8 3 10 7 12 8 2 7 
10 8 8 9 6 17 8 8 8 8 0 8 8 8 4 8 8 8 8 13 8 3 6 18 8 8 8 8 8 8 2 14 
10 4 10 3 6 13 8 7 5 8 8 0 3 6 4 11 1 7 8 13 8 11 6 10 8 3 4 6 4 11 2 14 
10 7 4 11 6 9 4 4 4 4 8 3 0 4 4 4 9 4 4 8 3 8 6 12 8 4 4 4 4 4 2 12 
10 12 16 4 6 11 11 19 17 15 8 6 4 0 4 1 9 9 15 13 3 4 6 15 8 16 13 13 16 14 2 12 
10 4 4 8 6 8 4 4 4 4 4 4 4 4 0 4 4 4 4 8 4 4 6 13 8 4 4 4 4 4 2 14 
10 10 3 12 6 12 11 8 10 3 8 11 4 1 4 0 9 3 3 10 3 8 6 18 8 9 7 5 5 3 2 13 
10 9 9 5 6 11 9 9 9 9 8 1 9 9 4 9 0 9 9 16 9 10 6 16 8 9 9 9 9 9 2 9 
10 8 11 3 6 17 15 16 13 7 8 7 4 9 4 3 9 0 15 12 3 8 6 17 8 16 6 10 7 7 2 12 
10 12 9 3 6 11 8 11 4 4 8 8 4 15 4 3 9 15 0 12 3 7 6 19 8 11 10 8 5 5 2 13 
10 9 8 14 15 12 16 13 9 11 13 13 8 13 8 10 16 12 12 0 15 15 14 6 8 12 12 16 16 14 9 11 
10 3 3 8 6 11 3 3 3 3 8 8 3 3 4 3 9 3 3 15 0 10 6 14 8 3 3 3 3 3 2 7 
10 4 11 6 6 11 10 10 10 13 3 11 8 4 4 8 10 8 7 15 10 0 6 14 8 5 7 11 4 11 2 6 
10 6 6 6 6 6 6 6 6 6 6 6 6 6 6 6 6 6 6 14 6 6 0 18 6 6 6 6 6 6 6 6 
10 19 19 19 9 16 17 16 16 15 18 10 12 15 13 18 16 17 19 6 14 14 18 0 12 13 11 19 19 13 18 18 
10 8 8 8 6 8 8 8 8 8 8 8 8 8 8 8 8 8 8 8 8 8 6 12 0 8 8 8 8 8 8 8 
10 9 4 9 6 17 8 2 1 3 8 3 4 16 4 9 9 16 11 12 3 5 6 13 8 0 10 8 9 7 2 10 
10 11 10 12 6 11 10 10 10 10 8 4 4 13 4 7 9 6 10 12 3 7 6 11 8 10 0 6 10 10 2 8 
10 16 13 7 6 15 12 7 12 7 8 6 4 13 4 5 9 10 8 16 3 11 6 19 8 8 6 0 13 9 2 8 
10 9 9 5 6 11 8 13 4 12 8 4 4 16 4 5 9 7 5 16 3 4 6 19 8 9 10 13 0 8 2 13 
10 9 9 7 6 14 8 8 4 8 8 11 4 14 4 3 9 7 5 14 3 11 6 13 8 7 10 9 8 0 2 8 
10 2 2 12 6 14 2 2 2 2 2 2 2 2 2 2 2 2 2 9 2 2 6 18 8 2 2 2 2 2 0 4 
10 14 11 2 6 12 13 12 7 7 14 14 12 12 14 13 9 12 13 11 7 6 6 18 8 10 8 8 13 8 4 0 
